0.000000000000000000e+00 5.000000000000000000e+01 5.000000000000000000e+00 3.000000000000000000e+00
4.688799858093261719e+00 3.717220306396484375e+01 3.900000000000000133e-01 1.010000000000000009e+00
7.016399860382080078e+00 3.585409927368164062e+01 2.999999999999999889e-01 1.290000000000000036e+00
1.417119979858398438e+01 2.694279861450195312e+01 1.379999999999999893e+00 1.280000000000000027e+00
1.556839942932128906e+01 2.599209976196289062e+01 1.399999999999999911e+00 1.389999999999999902e+00
3.511719512939453125e+01 1.687930107116699219e+01 2.120000000000000107e+00 2.069999999999999840e+00
4.104679870605468750e+01 1.496170043945312500e+01 2.290000000000000036e+00 2.240000000000000213e+00
6.957200622558593750e+01 8.592999458312988281e+00 3.169999999999999929e+00 2.709999999999999964e+00
7.973320007324218750e+01 7.033300399780273438e+00 3.419999999999999929e+00 2.870000000000000107e+00
9.436959838867187500e+01 5.392400264739990234e+00 3.819999999999999840e+00 3.000000000000000000e+00
1.068964004516601562e+02 4.624099731445312500e+00 4.209999999999999964e+00 3.000000000000000000e+00
1.360000000000000000e+02 4.000000000000000000e+00 0.000000000000000000e+00 0.000000000000000000e+00
