1.360000000000000000e+02 4.000000000000000000e+00 0.000000000000000000e+00 0.000000000000000000e+00
1.097169676563616036e+02 4.499948984797469187e+00 7.070707070707070718e-01 0.000000000000000000e+00
8.743352719110293947e+01 5.999795939189879412e+00 1.414141414141414144e+00 0.000000000000000000e+00
7.079318436894193667e+01 8.203346597285992914e+00 2.020202020202020332e+00 3.030303030303030387e-02
4.643158861340680232e+01 1.342607897153351715e+01 2.575757575757575690e+00 6.060606060606060774e-01
2.763554739312315434e+01 1.973716967656361376e+01 3.131313131313131048e+00 1.151515151515151603e+00
1.487603305785123986e+01 2.644628099173553792e+01 3.636363636363636243e+00 1.636363636363636465e+00
6.037751249872465920e+00 3.413570043873073701e+01 4.141414141414140992e+00 2.121212121212121104e+00
1.372921130496888020e+00 4.206040199979594263e+01 4.595959595959596022e+00 2.575757575757575690e+00
0.000000000000000000e+00 5.000000000000000000e+01 5.000000000000000000e+00 3.000000000000000000e+00
