1.286579651480700761e+02 4.059650901840849535e+00 1.829847553589181164e-01 6.531206123415289611e-03
1.085592182140871671e+02 4.552714472827667613e+00 7.400202817501561059e-01 1.270710180431122716e-03
8.823142652751818105e+01 5.928821070789145331e+00 1.383217824884741098e+00 3.878619006218775311e-03
7.152879653150125705e+01 8.078949211071430270e+00 2.004563661542393849e+00 1.511134627721777424e-02
4.645141599942043342e+01 1.341981006091882733e+01 2.592161549713347224e+00 5.885340563930248070e-01
2.828628935559481761e+01 1.946467995294173647e+01 3.129157071445441307e+00 1.110153689958861767e+00
1.475338038479751468e+01 2.652905503660751663e+01 3.652280337042400404e+00 1.631790656998413525e+00
6.317986900483190560e+00 3.381380168938927966e+01 4.085284918971063384e+00 2.138145577455784263e+00
1.458391811556562390e+00 4.182650167614186643e+01 4.580254541374955579e+00 2.565935830950317076e+00
1.016454543429231791e-02 4.930168928068846412e+01 4.958431698803152265e+00 2.971483115629837357e+00
