6.016963005065917969e+00 2.982957458496093750e+01 5.000000000000000000e+00 3.000000000000000000e+00
8.405625343322753906e+00 2.856478881835937500e+01 0.000000000000000000e+00 5.000000000000000000e-01
1.026416301727294922e+01 2.724886894226074219e+01 2.999999999999999889e-02 7.600000000000000089e-01
1.500977993011474609e+01 2.336600875854492188e+01 0.000000000000000000e+00 1.320000000000000062e+00
1.686003112792968750e+01 2.194345283508300781e+01 0.000000000000000000e+00 1.520000000000000018e+00
2.329683494567871094e+01 1.695907020568847656e+01 0.000000000000000000e+00 2.259999999999999787e+00
4.002398300170898438e+01 1.292197132110595703e+01 1.510000000000000009e+00 2.790000000000000036e+00
5.710046768188476562e+01 9.706992149353027344e+00 2.759999999999999787e+00 2.990000000000000213e+00
6.181401824951171875e+01 8.978752136230468750e+00 3.069999999999999840e+00 3.000000000000000000e+00
6.634198760986328125e+01 8.630905151367187500e+00 3.450000000000000178e+00 2.879999999999999893e+00
7.547699737548828125e+01 5.803839206695556641e+00 0.000000000000000000e+00 0.000000000000000000e+00
