6.233820366852805411e-02 9.568735563586204806e-01 1.411959240444865147e-03 6.107853706678734174e-02 9.985265777083542904e-01 4.005104635815054381e-01
1.266726415895997704e+01 1.161063384806730208e-05 2.413645171390720913e-03 9.998085781169653297e-01 4.787385241172170680e-03 9.366070118905722719e-02
1.793792175411476508e+00 7.200478762223858423e-03 2.899895073997820014e-03 9.944007896476794173e-01 7.128923026989063549e-01 4.029084447318930229e-01
5.216451798409518226e-01 1.486388262733876614e-02 2.133846958916797154e-01 6.956254456388571983e-01 6.512146854881839531e-02 5.015914709407675032e-01
4.766965452219783517e-01 1.365529169632530293e-01 6.945384525546451082e-02 6.982484778182905805e-01 6.628564785571198215e-01 4.986393527400404535e-01
1.870086480095580483e-01 2.845768399105190749e-01 7.570652182246730144e-02 3.416981148647321165e-01 7.898695031091249596e-01 5.006920990205621091e-01
2.741106093539123489e-01 1.482798047796086705e-01 1.228637916594118168e-01 5.027207611453240466e-01 5.468681788063411986e-01 5.006770213261564351e-01
9.574213583485195744e-02 1.320178451149368881e-01 3.007612861572789287e-01 1.811509617369030378e-01 3.050466983628615791e-01 5.005374588031359373e-01
5.287073587342177444e-02 2.452236267900884670e-01 2.305386653953173659e-01 1.000140609215551812e-01 5.154330866863323646e-01 4.994614891065746187e-01
6.469836624232501053e-04 4.034056571159143068e-01 7.809753087903685831e-01 5.459648969956543141e-04 3.406046438843519653e-01 4.973631168932894919e-01
1.970007120791206559e-02 1.310813319652960329e+00 3.934106988540947980e-01 1.142745862503102838e-02 7.691555249885910772e-01 5.035278197824020197e-01
