3.413451992665834100e-01 5.736191498782212683e-01 3.590953446070726529e-01 2.679193140953882724e-01 6.149997167083431915e-01 5.028034233306634126e-01
8.378454067499290225e-01 2.285191792807203193e+00 2.124805289743459669e-01 2.511890132026987077e-01 9.149285808545185583e-01 4.049341374504142888e-01
8.770566709729259447e-01 2.139532543736642811e+00 3.189285138219096205e-01 2.629446887572280955e-01 8.702731072996409134e-01 4.049341374504142888e-01
8.770566709729259447e-01 2.229198398441912587e+00 2.292626591166396222e-01 2.629446887572280955e-01 9.067454583379426225e-01 4.049341374504142888e-01
8.770566709729259447e-01 2.273654322306233766e+00 1.848067352523185269e-01 2.629446887572280955e-01 9.248282844732768071e-01 4.049341374504142888e-01
9.515310654380684241e-01 2.161669079498175883e+00 2.223175835952335422e-01 2.852723753493576209e-01 9.067454583379426225e-01 4.049341374504142888e-01
1.113771668807194359e+00 1.962275697824096277e+00 2.594703619001874073e-01 3.339126814647609409e-01 8.832133128966199731e-01 4.049341374504142888e-01
1.152102979949461092e+00 1.365847025246351265e+00 1.355441119279985895e-01 4.341833556421276219e-01 9.097209857098960128e-01 5.046868558173902564e-01
1.506314879719756528e+00 1.041769347975232574e+00 1.054098894288216653e-01 5.676722137799533607e-01 9.081138448187459078e-01 5.046868558173902564e-01
1.506314879719756528e+00 1.041809875032353894e+00 1.053693623717004840e-01 5.676722137799533607e-01 9.081491723907588742e-01 5.046868558173902564e-01
1.506314879719756528e+00 1.043654654554316830e+00 1.035245828497375203e-01 5.676722137799533607e-01 9.097572729053197138e-01 5.046868558173902564e-01
1.513770098779871898e+00 5.351866510059702930e-01 6.045373673379685897e-01 5.704817994549336024e-01 4.695756537478400494e-01 5.046868558173902564e-01
1.537312701775585211e+00 4.081043090264295792e-01 7.080771063217959904e-01 5.793541021458593621e-01 3.656254291773075593e-01 5.046868558173902564e-01
1.537312701775585211e+00 4.508857215278876951e-01 6.652956938203379300e-01 5.793541021458593621e-01 4.039537975887375065e-01 5.046868558173902564e-01
1.537312701775585211e+00 5.721860408777939000e-01 5.439953744704317806e-01 5.793541021458593621e-01 5.126281740672806730e-01 5.046868558173902564e-01
1.548000809729616289e+00 1.003912716941875560e+00 1.015805904523189862e-01 5.833820394550311983e-01 9.081128851953351733e-01 5.046868558173902564e-01
1.549570172457579886e+00 1.002487558427066716e+00 1.014363862391644278e-01 5.839734719808604702e-01 9.081128851953351733e-01 5.046868558173902564e-01
1.549570172457579886e+00 1.004262779090520308e+00 9.966116557571062795e-02 5.839734719808604702e-01 9.097209857098960128e-01 5.046868558173902564e-01
1.549596908737771006e+00 1.004238456535350599e+00 9.965875185068918951e-02 5.839835478578027095e-01 9.097209857098960128e-01 5.046868558173902564e-01
