7.214113199453519032e-01 4.590732827020974582e+01 4.575328470210528131e+00 2.997369073811812612e+00
7.320518669239288734e-01 4.541986194996584913e+01 4.575328470210528131e+00 2.948356428112959282e+00
8.252420652440496385e-01 4.517718759585260813e+01 4.548731279841200958e+00 2.948356428112959282e+00
2.442305627333657192e+00 3.973720187754480548e+01 4.554883388080371631e+00 2.357779158990767954e+00
3.946323796399467732e+00 3.856242126211681409e+01 4.051086179982947399e+00 2.706497851318748094e+00
4.529554586304890940e+00 3.609211331103770704e+01 4.222109257625240808e+00 2.273863208820907644e+00
4.704821469178027016e+00 3.591529601404928229e+01 4.160375828200528758e+00 2.313533236474948573e+00
5.445234023865144657e+00 3.506227873784358451e+01 4.056563786712780839e+00 2.313533236474948573e+00
5.847465989420809862e+00 3.446579418216660429e+01 4.056563786712780839e+00 2.243828981768360098e+00
9.676388175514825107e+00 3.296534697816717596e+01 4.540564425976675977e+00 1.514060567452170769e+00
1.010007794846162099e+01 3.050721689036348749e+01 4.123944621888787410e+00 1.674275118436021170e+00
1.157085001331202534e+01 2.955395760613016876e+01 4.123944621888787410e+00 1.542179888391428833e+00
1.187480105833087762e+01 2.937161306401866057e+01 4.123944621888787410e+00 1.516346658054807062e+00
1.369747138839653289e+01 2.735076662277604953e+01 3.584060322104421381e+00 1.808579555463270427e+00
1.990539371804176128e+01 2.420248928462559945e+01 3.114034530048245486e+00 1.808579555463270427e+00
2.183683072372487644e+01 2.274949353392988272e+01 3.598587660462807314e+00 1.130440924837059047e+00
2.290664229237249216e+01 2.231484652216630593e+01 3.598587660462807314e+00 1.060230934444510886e+00
2.450253323363292779e+01 2.171132176929330626e+01 3.598587660462807314e+00 9.599811856257001175e-01
2.869639879793616899e+01 1.996015967058575669e+01 3.492653417482141531e+00 7.859525796280297794e-01
3.364361374201047283e+01 1.974221232677134807e+01 2.382984770761779281e+00 1.750146118365093706e+00
3.478688906602422293e+01 1.713036234114585454e+01 3.091844983376658362e+00 7.515190240873216299e-01
3.539635086032453160e+01 1.678092980428370851e+01 2.911393540913974398e+00 8.817906680062831404e-01
3.588534468387656773e+01 1.662572432535804978e+01 2.829889690356248266e+00 9.355491250826426519e-01
3.797502499269067755e+01 1.591943324210463118e+01 2.829889690356248266e+00 8.126780090369482012e-01
4.545470724357757319e+01 1.388654130526115082e+01 2.842111777745265133e+00 4.101746716914105306e-01
4.705988438444839517e+01 1.337721834113176023e+01 2.751050052810555702e+00 4.101746716914105306e-01
5.024634078793542358e+01 1.317410959160128314e+01 2.102857904154225022e+00 9.583945353075175033e-01
5.334508708195491522e+01 1.213235332081987750e+01 2.102857904154225022e+00 7.767502508788900473e-01
5.489543339597857141e+01 1.185857681370904082e+01 2.036721595592549949e+00 7.767502508788900473e-01
5.603803201195273687e+01 1.166610126608822817e+01 1.988909075431114726e+00 7.767502508788900473e-01
6.420297309851979151e+01 9.655273480903433736e+00 1.907739622230641530e+00 4.527133983967066566e-01
