1.286579651480700761e+02 4.059650901840849535e+00 1.829847553589181164e-01 6.531206123415289611e-03
1.228454044256560280e+02 4.127813984813458070e+00 3.383087848437571488e-01 3.337502996186847426e-03
1.157292618141906075e+02 4.288730917699154155e+00 5.350207009689578186e-01 6.208454461927859214e-04
1.085592182140871671e+02 4.552714472827667613e+00 7.400202817501561059e-01 1.270710180431122716e-03
1.065025925116653127e+02 4.644162803333213851e+00 8.013521435208831312e-01 4.993240208056581864e-04
1.039632599826164636e+02 4.794115662465300964e+00 8.718495329573333619e-01 8.480533723785099731e-03
9.604401697719511333e+01 5.278429142531665619e+00 1.121687057002174193e+00 5.055432821114758113e-03
9.406776272664546923e+01 5.430377887637760637e+00 1.184551126122854736e+00 6.792594474784530156e-03
8.823142652751818105e+01 5.928821070789145331e+00 1.383217824884741098e+00 3.878619006218775311e-03
8.574899858376616635e+01 6.175346445532880146e+00 1.470756761605902074e+00 3.052918353231737214e-03
8.197291656245410252e+01 6.605119279959162704e+00 1.599710762127724450e+00 1.147825180683936797e-02
7.894493603178693775e+01 6.984594943250064247e+00 1.708481401652787834e+00 1.635469187754534648e-02
7.762914137529682534e+01 7.160692267505403663e+00 1.757106959700507787e+00 1.823373266761185718e-02
7.666903936561035948e+01 7.292897638816697281e+00 1.794307893963976719e+00 1.825588577743442187e-02
7.426083985626496542e+01 7.648841162159087048e+00 1.879381747015817616e+00 2.898137279346657547e-02
7.317162534573620292e+01 7.817008803360648628e+00 1.920368646558829884e+00 3.204160013383017258e-02
7.152879653150125705e+01 8.078949211071430270e+00 2.004563661542393849e+00 1.511134627721777424e-02
7.122446882163619364e+01 8.130224802578311483e+00 2.010888659163740932e+00 2.152210055318515280e-02
6.899281820933944687e+01 8.515074516273958949e+00 2.075626274158969053e+00 5.106072223494029227e-02
6.812067560418857681e+01 8.669189547034088505e+00 2.073309699952617713e+00 9.059236464607689499e-02
6.661192665051552808e+01 8.942002415324072473e+00 2.104550678685455090e+00 1.243513965840643554e-01
6.460101952795599800e+01 9.317583077851898210e+00 2.142682660158605312e+00 1.740501594276845365e-01
6.373342657754712803e+01 9.483667383561071418e+00 2.161397904256082025e+00 1.936331696613469155e-01
6.261167062514753923e+01 9.702095915516590452e+00 2.217381864238238798e+00 1.875359616847317445e-01
6.178352274416846512e+01 9.866408473351896191e+00 2.236711236130670244e+00 2.053415426003074584e-01
6.085651050053870392e+01 1.005324465308653537e+01 2.257964815366608757e+00 2.259468874285774920e-01
5.895731243439255564e+01 1.044516020789540889e+01 2.290022801940540642e+00 2.805604079891862446e-01
5.747215448921230774e+01 1.076225858255520684e+01 2.311333828027427373e+00 3.280881679977858401e-01
5.664020820765261277e+01 1.094369354653853854e+01 2.347784081775183829e+00 3.305800676873544841e-01
5.573878053921839637e+01 1.114324583910611643e+01 2.358243375985562995e+00 3.626116944445887391e-01
5.485633951870853764e+01 1.134256880015599123e+01 2.391582870628065294e+00 3.712655214198204989e-01
5.368624026651428949e+01 1.161144837273092278e+01 2.417294990855116676e+00 4.016938397551181872e-01
5.228350712385142174e+01 1.194188013602421172e+01 2.441923611249130044e+00 4.451767242570052741e-01
5.197873984892512311e+01 1.201506436099201025e+01 2.457198735296980630e+00 4.448392045790920957e-01
5.063512948696040894e+01 1.234412863467538912e+01 2.506181558930067332e+00 4.623530673634612675e-01
4.925497771960097282e+01 1.269080325695847478e+01 2.490897828814717219e+00 5.468080538911057609e-01
4.664872224564970082e+01 1.336748364825938040e+01 2.597344304681943328e+00 5.731860040027519920e-01
4.645141599942043342e+01 1.341981006091882733e+01 2.592161549713347224e+00 5.885340563930248070e-01
4.528706853015808775e+01 1.373654534497250523e+01 2.620254307789935400e+00 6.212235134533629077e-01
4.331545471862803254e+01 1.429140092262763062e+01 2.663470766987263261e+00 6.827829573097989879e-01
4.130948662447307385e+01 1.488052000950150600e+01 2.739699700889235867e+00 7.156151344490877531e-01
4.030118136293749842e+01 1.518595337046808424e+01 2.751645221148680154e+00 7.594205818246905215e-01
3.936154068705194931e+01 1.547770751569516889e+01 2.773225293101297950e+00 7.905069412919201177e-01
3.904729431052324173e+01 1.557661864476904157e+01 2.799737053947941146e+00 7.817424527658818345e-01
3.847607195074570541e+01 1.575899781512435638e+01 2.822985548203607475e+00 7.910124345401853274e-01
3.704571888318751860e+01 1.622377113004439053e+01 2.837406423282556212e+00 8.588277176421947878e-01
3.502884102380917852e+01 1.690886526835524961e+01 2.887703553609195062e+00 9.274619476311002364e-01
3.460523844709440056e+01 1.705556344622444342e+01 2.908399215739309263e+00 9.320261677057751770e-01
3.350224490617026873e+01 1.744744185670649372e+01 2.951798093756856645e+00 9.553899692595357873e-01
3.304963156045262451e+01 1.761183212278556454e+01 2.973009218357621108e+00 9.619332049096201986e-01
3.239735743255735656e+01 1.785179651638654974e+01 2.990436587262210733e+00 9.848091285625100166e-01
3.185335684541402657e+01 1.805616901888981118e+01 3.019271040988381394e+00 9.900119397652490383e-01
2.982784568201773467e+01 1.883889082588483177e+01 3.078702152163565575e+00 1.059490788374474413e+00
2.903010336790282508e+01 1.915892257266405352e+01 3.097068162544316827e+00 1.093071510524518120e+00
2.828628935559481761e+01 1.946467995294173647e+01 3.129157071445441307e+00 1.110153689958861767e+00
2.764325745540919854e+01 1.973336456149838369e+01 3.141624912925371049e+00 1.140630106839237712e+00
2.631796445888632974e+01 2.030431039636437873e+01 3.181370955139042334e+00 1.191110973025237385e+00
2.483116502436393347e+01 2.097234314182486514e+01 3.230905127991636316e+00 1.245550060581751772e+00
2.460547082911136130e+01 2.107723775905468244e+01 3.260342508845839316e+00 1.232244496331845074e+00
2.331323688943763628e+01 2.168660362401604758e+01 3.289112316917895296e+00 1.296717123247768777e+00
2.287758820312085106e+01 2.189813392024691296e+01 3.310918264220848339e+00 1.306955422725821991e+00
2.237197515462343489e+01 2.214753461149301472e+01 3.327513968940257527e+00 1.327940113343457851e+00
2.157107700399199501e+01 2.255142616731751559e+01 3.357638483828790932e+00 1.358227207803160752e+00
2.021368481046691556e+01 2.326879527566494943e+01 3.443241584918567799e+00 1.378295822386254255e+00
1.931713906212976184e+01 2.375522631102712978e+01 3.420809616020459742e+00 1.471784538529009367e+00
1.883267642376986828e+01 2.402304534585315565e+01 3.453806369168875179e+00 1.477681254822194035e+00
1.828816053466606562e+01 2.433345988382755820e+01 3.497596113144024077e+00 1.478545861872079925e+00
1.697153342254151198e+01 2.511255111225622727e+01 3.544501372875824785e+00 1.542465402786260098e+00
1.657756857567294162e+01 2.535556842097076213e+01 3.574881648130783685e+00 1.546235979574468677e+00
1.483371224614287520e+01 2.647635619674815644e+01 3.654197851171603784e+00 1.622594962349639847e+00
1.475338038479751468e+01 2.652905503660751663e+01 3.652280337042400404e+00 1.631790656998413525e+00
1.431493852456373261e+01 2.682538514419386999e+01 3.658720927164464065e+00 1.665944124140829485e+00
1.343655601837308566e+01 2.744050544109117240e+01 3.715495823690655453e+00 1.692640819959134735e+00
1.296043674734441709e+01 2.778462093172723968e+01 3.737219968320380392e+00 1.717231206168733149e+00
1.243144144783307325e+01 2.817702083250156520e+01 3.745503033248599678e+00 1.761413013805730232e+00
1.213967754794995102e+01 2.839926030381450062e+01 3.755161497674594173e+00 1.781272594008107113e+00
1.184601452685298462e+01 2.862432608816727253e+01 3.785648889045328147e+00 1.780633356600074713e+00
1.126822878811282891e+01 2.908097241122167986e+01 3.808266651600187735e+00 1.818124869819159439e+00
1.095869980610685701e+01 2.933399045959448870e+01 3.813213974784495530e+00 1.846217576022282092e+00
1.045145181234200749e+01 2.975311913256039986e+01 3.853583859767093944e+00 1.860441758180395810e+00
9.864288130330058024e+00 3.025783908011556633e+01 3.894277607505120642e+00 1.884899097248184274e+00
9.094608215650985983e+00 3.094973153192866278e+01 3.926588650856170926e+00 1.941019296945420525e+00
8.657217508449917887e+00 3.135902162296738993e+01 3.958088938972771587e+00 1.961382785612719282e+00
8.212417944484119658e+00 3.178932456258150552e+01 3.987359717232943801e+00 1.986262290413103759e+00
7.822853548197171492e+00 3.217983850669345003e+01 4.023190633977048236e+00 1.999221877987367391e+00
7.418220832909824480e+00 3.259741520532639925e+01 4.050707710887534674e+00 2.023578288822359461e+00
7.188526919984061792e+00 3.283925322525356449e+01 4.044170616580267996e+00 2.060041532945486864e+00
6.988828555940951759e+00 3.305386371105723953e+01 4.066253809858515034e+00 2.064411847348685214e+00
6.755800433667287663e+00 3.330994185477278791e+01 4.078770719260779387e+00 2.083328455374816368e+00
6.317986900483190560e+00 3.381380168938927966e+01 4.085284918971063384e+00 2.138145577455784263e+00
5.575061618422266108e+00 3.469786610788968773e+01 4.164942380278214173e+00 2.165467690050198346e+00
5.050681086489232641e+00 3.537973282060858082e+01 4.231657790382937989e+00 2.180048464515689233e+00
4.791606113070438155e+00 3.572592770656375194e+01 4.204134084456397247e+00 2.248668533373217038e+00
4.497207017004374308e+00 3.614068275168049382e+01 4.221174807765120995e+00 2.280463291977818940e+00
4.088556812921719796e+00 3.673093711356347058e+01 4.263680789469711740e+00 2.307199001563592589e+00
3.746453979300883752e+00 3.725043445845233236e+01 4.320983105765910715e+00 2.310398990596799873e+00
3.579909750563699422e+00 3.751611957046646495e+01 4.329026282837329376e+00 2.333087930445224778e+00
3.430868788225884813e+00 3.776168929311354105e+01 4.335517108218840399e+00 2.354880101386866986e+00
3.167590214523761993e+00 3.820893188519684713e+01 4.359841980750731594e+00 2.381861452405859225e+00
3.032993755405223979e+00 3.844623970265190849e+01 4.371737745586423252e+00 2.397061380793636509e+00
2.791533022106290840e+00 3.888580363121371875e+01 4.420734675473726227e+00 2.398057362094988765e+00
2.590425580366929381e+00 3.926781107135118987e+01 4.438348048221833153e+00 2.423672419404113487e+00
2.424123071470905888e+00 3.959675998169956301e+01 4.447239544079332418e+00 2.451833377303850980e+00
2.112750156321471007e+00 4.025579894982256945e+01 4.503376194044325764e+00 2.469384947029893862e+00
1.769276323368026205e+00 4.103681923234005779e+01 4.530710867898561922e+00 2.528739147251243047e+00
1.627508022944542887e+00 4.138651446328667305e+01 4.544382756114026201e+00 2.553580989641027088e+00
1.458391811556562390e+00 4.182650167614186643e+01 4.580254541374955579e+00 2.565935830950317076e+00
1.380259041991186875e+00 4.203830671721243561e+01 4.579484523627369796e+00 2.589839672044093710e+00
1.260129309987805257e+00 4.238332688605900245e+01 4.588043139716901031e+00 2.618786316139304127e+00
1.131539022959484830e+00 4.276577373928689951e+01 4.637372555078776770e+00 2.610916343275926810e+00
1.025701368764216248e+00 4.309834658336399116e+01 4.631258982119900836e+00 2.652933141997392053e+00
8.786797784052127192e-01 4.360422754576043758e+01 4.648617761919091151e+00 2.689837998196821900e+00
7.294378986577636503e-01 4.414338210611320790e+01 4.695478547747694797e+00 2.700623715397181268e+00
6.269531046603846747e-01 4.456338307107341734e+01 4.732785430370008761e+00 2.707879049120822668e+00
5.834350503152092582e-01 4.476306571580883542e+01 4.708651591989168494e+00 2.753069103333834811e+00
3.242676333484121320e-01 4.606152158217681603e+01 4.787123464978781939e+00 2.810922002405189524e+00
2.914196481862408872e-01 4.626255439408269154e+01 4.820951487534006930e+00 2.798018460669606355e+00
2.518731954799043882e-01 4.651982093806356033e+01 4.812871855459602166e+00 2.832813408459756932e+00
2.361138610410036809e-01 4.664484624837567139e+01 4.809987208032777239e+00 2.848594570278764948e+00
1.067881087423098452e-01 4.782771559916805870e+01 4.925543396685659658e+00 2.854558460512587992e+00
3.990151159975083989e-02 4.865287409473683766e+01 4.951725007804469669e+00 2.912564863879220756e+00
1.281240734014454236e-02 4.920347232337589105e+01 4.961634455364779761e+00 2.958392466789305342e+00
1.016454543429231791e-02 4.930168928068846412e+01 4.958431698803152265e+00 2.971483115629837357e+00
