6.362484931945800781e+00 2.984484672546386719e+01 4.861253511865518462e+00 2.992329786142370551e+00
7.174566268920898438e+00 2.941589355468750000e+01 4.654958054810098389e+00 2.948356428112959282e+00
7.559931755065917969e+00 2.909028434753417969e+01 4.548731279841200958e+00 2.948356428112959282e+00
9.013383865356445312e+00 2.759587097167968750e+01 4.160375828200528758e+00 2.984941152319395830e+00
1.044657611846923828e+01 2.629012680053710938e+01 3.836462428356015142e+00 2.989262362336288614e+00
1.211267471313476562e+01 2.574304199218750000e+01 3.621965898501160019e+00 2.850092416774012261e+00
1.337256717681884766e+01 2.404781341552734375e+01 3.281348717170706752e+00 2.938659687396119935e+00
1.777322959899902344e+01 2.008230209350585938e+01 2.353049652559558780e+00 2.948134340637743378e+00
1.899294471740722656e+01 1.897456932067871094e+01 2.075326388592628746e+00 2.947150710686998742e+00
1.923855209350585938e+01 1.873673820495605469e+01 2.014597815538732739e+00 2.948134340637743378e+00
2.128463935852050781e+01 1.816474723815917969e+01 1.842585105880145013e+00 2.802062480636544617e+00
2.201405525207519531e+01 1.552802562713623047e+01 1.133307385584241711e+00 2.985205152083948654e+00
2.619260215759277344e+01 1.517631149291992188e+01 1.023825907108107724e+00 2.626018418974207957e+00
2.686140251159667969e+01 1.472102737426757812e+01 8.906919124735197535e-01 2.602597135129298689e+00
2.868031883239746094e+01 1.462002468109130859e+01 8.906919124735197535e-01 2.456169337316755907e+00
2.995328140258789062e+01 1.452356147766113281e+01 8.906919124735197535e-01 2.359334635203466757e+00
3.165733718872070312e+01 1.406840610504150391e+01 7.896840251592129878e-01 2.257050067793136883e+00
4.620901107788085938e+01 1.404229640960693359e+01 2.102857904154225022e+00 9.583945353075175033e-01
4.646404647827148438e+01 1.396795845031738281e+01 2.077100799282287635e+00 9.583945353075175033e-01
4.755668258666992188e+01 1.365963172912597656e+01 2.032689289812093847e+00 9.226493491893703602e-01
4.946355438232421875e+01 1.310491466522216797e+01 2.102857904154225022e+00 7.767502508788900473e-01
5.312424087524414062e+01 1.197460174560546875e+01 1.461151165764723592e+00 9.017523503008348928e-01
5.397615432739257812e+01 1.193169116973876953e+01 1.853129307707499507e+00 6.752083759961808873e-01
5.432747268676757812e+01 1.140325069427490234e+01 1.186861999358142405e+00 9.361871818522565780e-01
5.579760360717773438e+01 1.060855484008789062e+01 8.484316590842173600e-01 9.482691470265227629e-01
6.416166687011718750e+01 9.222726821899414062e+00 8.906919124735197535e-01 5.846472806469000805e-01
6.529972839355468750e+01 9.020768165588378906e+00 8.906919124735197535e-01 5.365508709047100977e-01
6.905052947998046875e+01 8.248246192932128906e+00 7.815824896085662443e-01 4.027621211720902039e-01
